2 98.670
4 95.943
6 91.183
8 78.820
10 85.606
12 89.497
14 86.740
16 84.028
18 83.390
20 89.227
22 85.990
24 82.112
2 81.849
4 88.232
6 89.433
8 82.298
10 89.473
12 89.387
14 89.447
16 76.891
18 85.361
20 76.816
22 80.898
24 85.976
2 76.802
4 118.752
6 78.099
8 79.966
10 75.965
12 80.771
14 89.748
16 87.042
18 86.141
20 78.681
22 82.064
24 78.934
2 87.460
4 103.855
6 91.784
8 82.330
10 82.325
12 82.978
14 81.454
16 85.210
18 89.721
20 87.168
22 88.288
24 89.748
2 89.698
4 115.620
6 95.059
8 82.353
10 85.145
12 87.634
14 88.326
16 76.659
18 78.139
20 92.169
22 82.062
24 97.310
2 94.289
4 84.697
6 97.049
8 74.052
10 84.196
12 89.877
14 89.362
16 73.869
18 86.494
20 86.913
22 86.667
24 86.635
2 82.267
4 105.727
6 88.805
8 74.710
10 76.374
12 78.485
14 90.238
16 87.115
18 82.435
20 88.252
22 80.551
24 80.639
2 89.998
4 112.692
6 80.892
8 75.555
10 80.317
12 85.566
14 89.888
16 80.803
18 86.355
20 87.517
22 88.746
24 82.995
2 90.698
4 103.098
6 83.632
8 76.311
10 80.713
12 89.775
14 89.229
16 87.576
18 87.331
20 87.312
22 86.457
24 82.305
2 82.204
4 111.826
6 101.693
8 76.082
10 86.111
12 76.694
14 86.376
16 75.702
18 78.075
20 77.009
22 88.610
24 86.984
