2 313.695
4 312.479
6 312.223
8 314.870
10 314.998
12 317.570
14 313.402
16 312.310
18 311.585
20 314.392
22 312.324
24 311.642
2 312.804
4 311.918
6 315.965
8 317.133
10 311.974
12 312.924
14 312.180
16 313.714
18 315.890
20 314.472
22 313.740
24 312.058
2 312.399
4 311.948
6 313.978
8 314.423
10 311.095
12 311.822
14 356.708
16 312.319
18 311.106
20 311.750
22 312.142
24 312.638
2 312.486
4 311.924
6 314.127
8 312.548
10 318.352
12 312.225
14 311.545
16 314.101
18 312.207
20 313.374
22 313.768
24 313.602
2 314.089
4 317.364
6 312.923
8 311.450
10 313.635
12 312.817
14 312.773
16 312.182
18 312.682
20 312.202
22 313.572
24 344.138
2 312.130
4 313.820
6 312.697
8 313.608
10 315.036
12 313.589
14 312.276
16 311.487
18 310.785
20 311.652
22 312.003
24 311.068
2 313.257
4 311.429
6 312.198
8 313.230
10 311.138
12 314.093
14 311.471
16 311.694
18 311.155
20 334.684
22 311.181
24 313.078
2 313.369
4 311.681
6 313.363
8 313.517
10 313.126
12 328.395
14 311.448
16 311.959
18 314.867
20 311.432
22 312.137
24 318.699
2 312.503
4 312.064
6 312.865
8 313.023
10 312.234
12 314.688
14 326.312
16 311.877
18 331.083
20 312.670
22 311.817
24 312.064
2 313.476
4 314.257
6 315.075
8 313.493
10 312.176
12 313.513
14 312.191
16 309.585
18 312.123
20 313.783
22 313.588
24 311.467
