2 125.614
4 127.368
6 130.323
8 125.930
10 128.242
12 128.831
14 140.694
16 142.301
18 127.878
20 129.077
22 126.761
24 130.301
2 133.703
4 134.967
6 162.112
8 129.792
10 133.769
12 126.143
14 145.271
16 133.536
18 133.971
20 173.030
22 181.250
24 127.415
2 126.844
4 177.113
6 148.909
8 134.047
10 127.830
12 126.764
14 140.199
16 124.734
18 141.864
20 161.561
22 131.587
24 125.926
2 126.278
4 126.115
6 140.293
8 127.915
10 127.577
12 128.035
14 135.209
16 135.958
18 126.923
20 126.704
22 123.481
24 127.852
2 118.009
4 157.474
6 132.473
8 126.700
10 134.253
12 137.700
14 124.792
16 129.234
18 128.735
20 128.577
22 126.162
24 142.481
2 135.024
4 138.686
6 128.535
8 124.934
10 129.015
12 134.721
14 125.295
16 146.062
18 126.372
20 136.842
22 125.772
24 125.082
2 124.943
4 128.545
6 125.356
8 125.343
10 131.574
12 186.810
14 127.155
16 132.132
18 174.704
20 168.376
22 125.332
24 140.423
2 169.862
4 125.338
6 117.036
8 134.275
10 164.634
12 170.996
14 144.965
16 134.339
18 135.307
20 127.665
22 126.923
24 130.420
2 126.238
4 125.771
6 125.371
8 171.479
10 132.949
12 142.357
14 145.635
16 125.017
18 140.798
20 129.529
22 124.995
24 124.984
2 132.437
4 125.196
6 155.079
8 124.780
10 130.126
12 131.550
14 153.557
16 127.676
18 132.560
20 125.246
22 168.273
24 176.176
