2 8.683
4 8.684
6 8.667
8 8.997
10 8.679
12 8.672
14 8.682
16 8.683
18 8.685
20 8.675
22 8.673
24 8.680
2 8.680
4 8.678
6 8.679
8 8.677
10 8.673
12 8.671
14 8.679
16 8.676
18 8.675
20 8.677
22 8.684
24 8.678
2 8.675
4 8.689
6 8.673
8 8.682
10 8.680
12 8.686
14 8.673
16 8.678
18 8.675
20 9.269
22 8.678
24 8.674
2 8.667
4 8.686
6 8.683
8 8.673
10 8.667
12 8.681
14 8.681
16 8.676
18 8.684
20 8.683
22 8.679
24 8.668
2 8.679
4 8.678
6 8.688
8 8.676
10 9.026
12 8.676
14 8.687
16 8.679
18 8.673
20 8.677
22 8.682
24 8.846
2 8.675
4 8.685
6 8.686
8 8.676
10 8.684
12 8.681
14 8.676
16 8.685
18 8.675
20 8.683
22 9.307
24 8.680
2 8.671
4 8.672
6 8.674
8 8.682
10 8.683
12 9.186
14 8.678
16 8.670
18 8.677
20 8.668
22 8.678
24 8.683
2 8.680
4 8.677
6 8.681
8 8.678
10 8.675
12 8.680
14 8.678
16 8.680
18 8.678
20 8.680
22 8.681
24 8.677
2 8.687
4 8.684
6 8.679
8 9.406
10 8.685
12 8.683
14 8.679
16 8.681
18 8.677
20 8.680
22 8.671
24 8.681
2 8.682
4 8.680
6 9.261
8 8.680
10 8.684
12 8.669
14 8.672
16 8.690
18 8.682
20 8.681
22 8.674
24 8.676
