2 121.292
4 167.051
6 132.507
8 108.435
10 123.170
12 108.434
14 112.978
16 108.265
18 130.177
20 119.948
22 108.723
24 139.690
2 108.436
4 108.482
6 108.732
8 108.258
10 108.294
12 124.170
14 114.852
16 127.453
18 122.199
20 135.781
22 112.818
24 130.894
2 114.671
4 108.247
6 108.661
8 108.205
10 141.500
12 113.361
14 153.065
16 124.692
18 114.185
20 122.131
22 108.529
24 127.419
2 126.213
4 116.867
6 108.243
8 116.879
10 110.469
12 123.383
14 118.997
16 108.292
18 137.014
20 152.100
22 108.231
24 141.497
2 109.587
4 108.681
6 153.557
8 147.865
10 148.826
12 137.285
14 112.841
16 108.395
18 183.189
20 109.256
22 110.384
24 126.247
2 120.286
4 118.321
6 108.959
8 110.680
10 108.327
12 120.501
14 108.375
16 144.445
18 113.783
20 108.265
22 108.326
24 129.433
2 108.995
4 109.812
6 108.926
8 145.778
10 118.936
12 109.009
14 139.399
16 109.321
18 108.478
20 108.238
22 108.178
24 108.181
2 122.262
4 110.600
6 108.291
8 117.464
10 110.262
12 111.093
14 109.194
16 109.724
18 124.724
20 108.353
22 115.369
24 112.581
2 108.969
4 108.227
6 111.329
8 119.824
10 115.008
12 108.409
14 108.162
16 108.372
18 121.992
20 114.418
22 123.448
24 111.335
2 136.273
4 131.452
6 108.182
8 111.285
10 124.833
12 110.418
14 123.927
16 116.517
18 117.090
20 124.584
22 116.000
24 108.313
