2 139.722
4 99.655
6 69.294
8 70.045
10 93.180
12 81.591
14 74.104
16 92.073
18 86.742
20 123.701
22 82.519
24 95.243
2 104.899
4 81.749
6 101.292
8 99.963
10 75.456
12 77.394
14 67.688
16 72.593
18 78.578
20 75.225
22 78.742
24 65.522
2 104.149
4 90.859
6 64.833
8 84.012
10 69.358
12 76.688
14 63.603
16 68.958
18 65.098
20 76.854
22 72.074
24 68.217
2 94.289
4 107.869
6 87.377
8 61.739
10 68.675
12 66.773
14 71.112
16 70.575
18 100.403
20 80.406
22 87.316
24 70.480
2 88.384
4 100.505
6 95.204
8 63.049
10 69.175
12 71.972
14 97.310
16 86.226
18 69.231
20 70.542
22 89.617
24 80.558
2 84.817
4 110.955
6 87.437
8 66.566
10 76.736
12 75.278
14 93.051
16 88.792
18 76.720
20 88.056
22 70.497
24 69.639
2 144.199
4 120.116
6 92.646
8 73.001
10 72.811
12 63.741
14 70.249
16 75.022
18 80.444
20 69.476
22 87.165
24 91.189
2 90.665
4 91.388
6 85.792
8 86.530
10 110.133
12 91.500
14 76.921
16 67.949
18 72.097
20 66.861
22 69.762
24 79.674
2 90.823
4 118.424
6 68.268
8 63.586
10 79.132
12 97.273
14 87.301
16 91.485
18 73.336
20 71.790
22 68.149
24 70.806
2 83.873
4 117.077
6 92.609
8 91.471
10 98.511
12 75.019
14 69.268
16 70.158
18 78.991
20 73.500
22 71.205
24 67.390
