2 114.252
4 170.186
6 111.451
8 119.610
10 106.947
12 128.006
14 110.178
16 113.779
18 130.030
20 132.090
22 105.475
24 127.722
2 139.784
4 140.733
6 116.240
8 121.501
10 133.293
12 134.228
14 112.419
16 129.156
18 106.725
20 105.287
22 105.188
24 116.196
2 135.669
4 149.234
6 110.521
8 130.838
10 135.152
12 131.232
14 125.950
16 113.072
18 139.726
20 105.846
22 119.698
24 104.566
2 110.517
4 153.932
6 123.402
8 102.928
10 110.246
12 105.036
14 108.251
16 119.593
18 108.716
20 138.200
22 115.479
24 120.824
2 106.223
4 146.717
6 112.249
8 111.204
10 112.788
12 113.262
14 117.580
16 101.683
18 104.135
20 119.466
22 107.232
24 106.040
2 111.570
4 163.241
6 155.767
8 100.503
10 108.863
12 108.793
14 111.069
16 106.690
18 114.253
20 111.652
22 110.141
24 106.050
2 123.799
4 133.887
6 110.098
8 99.527
10 125.233
12 107.011
14 113.946
16 103.949
18 103.414
20 106.474
22 106.626
24 104.119
2 119.495
4 131.348
6 112.708
8 135.902
10 116.711
12 118.047
14 103.748
16 103.560
18 127.921
20 110.123
22 106.712
24 119.976
2 112.069
4 140.015
6 127.392
8 108.351
10 111.462
12 107.693
14 130.820
16 124.622
18 103.522
20 106.326
22 133.127
24 112.336
2 142.786
4 149.315
6 113.124
8 108.792
10 114.828
12 120.482
14 106.928
16 109.224
18 105.912
20 131.772
22 108.471
24 121.014
