2 3829.723
4 6170.985
6 6039.406
8 6476.376
10 8158.564
12 8252.556
14 8220.111
16 8174.727
18 8216.092
20 8196.828
22 8246.298
24 8328.559
2 3420.241
4 6129.770
6 6065.964
8 6218.974
10 8237.677
12 8284.618
14 8293.574
16 8217.687
18 8192.499
20 8199.054
22 8222.177
24 8301.074
2 3405.671
4 6139.968
6 5801.013
8 6291.269
10 8307.851
12 8241.621
14 8222.200
16 8192.461
18 8215.581
20 8199.716
22 8201.728
24 8195.270
2 3597.305
4 6122.867
6 6180.335
8 6304.563
10 8199.424
12 8254.331
14 8258.126
16 8190.705
18 8207.460
20 8196.419
22 8219.555
24 8222.608
2 3702.436
4 6147.325
6 6081.815
8 6342.511
10 8217.786
12 8252.867
14 8239.094
16 8204.992
18 8203.603
20 8183.318
22 8212.787
24 8221.388
2 3581.141
4 6186.710
6 6165.491
8 6271.270
10 8181.114
12 8249.166
14 8254.077
16 8219.687
18 8203.376
20 8217.428
22 8221.142
24 8240.448
2 3545.249
4 6146.397
6 6135.861
8 6302.524
10 8202.679
12 8250.210
14 8222.008
16 8246.559
18 8211.626
20 8213.203
22 8218.768
24 8258.784
2 3487.108
4 6175.053
6 6082.195
8 6604.683
10 8195.280
12 8220.411
14 8293.804
16 8188.172
18 8186.730
20 8184.232
22 8216.626
24 8201.172
2 3646.914
4 5543.756
6 6244.456
8 6671.898
10 8284.988
12 8355.026
14 8350.201
16 8324.293
18 8345.422
20 8331.825
22 8317.968
24 8324.605
2 3779.882
4 6212.359
6 6171.669
8 6469.960
10 8270.944
12 8386.457
14 8360.324
16 8250.355
18 8332.532
20 8199.384
22 8277.814
24 8248.964
