2 77.902
4 77.109
6 78.680
8 78.070
10 77.892
12 77.032
14 77.371
16 77.674
18 78.518
20 77.645
22 77.620
24 79.214
2 77.852
4 77.972
6 78.474
8 77.814
10 78.550
12 77.498
14 77.334
16 77.897
18 77.481
20 78.408
22 77.447
24 77.866
2 77.770
4 77.682
6 77.870
8 78.596
10 81.133
12 78.088
14 77.696
16 77.385
18 77.590
20 78.429
22 77.427
24 77.724
2 81.270
4 78.103
6 82.473
8 77.425
10 80.386
12 78.245
14 77.915
16 77.613
18 77.194
20 78.808
22 77.451
24 77.425
2 77.432
4 77.487
6 77.549
8 77.008
10 78.131
12 77.457
14 77.099
16 77.789
18 77.507
20 78.583
22 78.071
24 77.117
2 77.605
4 83.576
6 78.175
8 77.375
10 77.654
12 78.610
14 77.431
16 78.702
18 77.562
20 79.966
22 77.301
24 77.700
2 77.317
4 77.333
6 81.944
8 77.243
10 77.861
12 77.775
14 77.867
16 77.810
18 79.117
20 83.010
22 78.468
24 78.974
2 79.852
4 79.033
6 77.941
8 77.488
10 79.254
12 80.587
14 78.184
16 77.874
18 77.627
20 79.657
22 77.509
24 77.791
2 78.321
4 80.550
6 78.666
8 78.303
10 77.469
12 77.652
14 78.282
16 77.182
18 77.528
20 77.928
22 78.531
24 77.105
2 77.268
4 77.970
6 77.442
8 77.663
10 77.143
12 78.453
14 77.742
16 77.169
18 77.990
20 80.107
22 77.461
24 77.871
