2 22.161
4 26.188
6 19.456
8 20.038
10 24.009
12 22.702
14 22.597
16 22.833
18 24.472
20 24.423
22 23.855
24 26.543
2 20.874
4 26.168
6 19.842
8 17.858
10 22.165
12 23.014
14 23.659
16 23.428
18 27.233
20 21.927
22 23.406
24 26.219
2 25.915
4 25.137
6 21.933
8 18.934
10 21.898
12 20.755
14 21.483
16 23.348
18 24.368
20 28.629
22 25.424
24 24.218
2 20.924
4 19.262
6 20.801
8 68.012
10 23.557
12 23.641
14 27.443
16 22.824
18 24.301
20 24.337
22 23.071
24 29.718
2 21.403
4 20.616
6 20.991
8 20.439
10 26.368
12 24.500
14 24.239
16 23.496
18 24.423
20 23.753
22 26.469
24 23.440
2 20.341
4 26.182
6 23.174
8 20.732
10 22.884
12 23.950
14 23.026
16 22.165
18 24.053
20 24.334
22 24.636
24 27.781
2 21.223
4 24.385
6 18.487
8 20.989
10 22.083
12 25.200
14 26.130
16 24.614
18 24.201
20 21.423
22 23.784
24 26.921
2 22.237
4 22.196
6 21.868
8 17.931
10 23.409
12 23.596
14 24.128
16 23.850
18 22.720
20 25.246
22 24.191
24 27.470
2 23.379
4 23.518
6 19.208
8 18.787
10 24.477
12 24.032
14 24.950
16 21.260
18 29.506
20 23.659
22 26.558
24 27.825
2 21.916
4 22.338
6 21.873
8 20.291
10 23.368
12 24.115
14 20.468
16 24.881
18 23.267
20 26.410
22 23.829
24 25.389
