2 24.451
4 24.407
6 24.436
8 24.155
10 26.315
12 24.524
14 24.340
16 24.643
18 24.654
20 24.395
22 24.131
24 24.266
2 24.616
4 24.664
6 24.212
8 24.189
10 27.632
12 24.681
14 24.417
16 24.280
18 24.417
20 24.513
22 24.287
24 24.435
2 24.242
4 24.303
6 24.322
8 24.380
10 24.589
12 24.509
14 24.230
16 24.131
18 24.541
20 24.468
22 27.654
24 24.428
2 24.289
4 24.306
6 24.304
8 24.878
10 24.720
12 24.194
14 24.239
16 24.336
18 24.421
20 24.479
22 24.835
24 24.335
2 24.310
4 25.533
6 25.566
8 24.466
10 24.490
12 24.473
14 24.382
16 24.539
18 24.570
20 24.544
22 24.506
24 26.075
2 24.256
4 24.361
6 24.400
8 24.420
10 24.326
12 24.848
14 26.565
16 24.689
18 24.440
20 24.621
22 24.530
24 24.594
2 24.737
4 24.726
6 24.566
8 24.743
10 24.352
12 24.870
14 24.612
16 24.229
18 24.532
20 24.297
22 24.945
24 24.231
2 24.298
4 24.319
6 24.462
8 24.185
10 24.206
12 24.176
14 24.328
16 24.804
18 24.480
20 24.423
22 24.477
24 24.141
2 24.218
4 24.682
6 24.154
8 24.212
10 24.429
12 24.208
14 24.237
16 24.473
18 25.034
20 24.805
22 24.193
24 24.615
2 24.259
4 24.675
6 24.544
8 24.314
10 24.171
12 24.339
14 24.357
16 24.332
18 24.260
20 24.594
22 24.407
24 24.251
