2 310.784
4 334.287
6 319.897
8 348.221
10 346.034
12 358.466
14 355.994
16 332.330
18 346.496
20 361.161
22 313.266
24 357.626
2 350.278
4 361.353
6 349.145
8 317.669
10 316.075
12 304.331
14 357.602
16 355.524
18 309.553
20 315.790
22 336.013
24 289.566
2 350.661
4 352.322
6 357.975
8 349.270
10 353.921
12 355.839
14 342.740
16 334.196
18 340.743
20 357.161
22 352.705
24 354.301
2 350.435
4 358.158
6 332.738
8 345.251
10 314.696
12 356.692
14 357.411
16 352.276
18 346.668
20 279.066
22 360.668
24 355.313
2 361.902
4 350.528
6 292.410
8 357.718
10 352.619
12 355.704
14 342.973
16 295.318
18 293.264
20 278.358
22 322.690
24 350.876
2 352.129
4 353.491
6 354.057
8 354.445
10 349.658
12 287.093
14 352.355
16 351.932
18 348.029
20 356.217
22 350.484
24 313.507
2 337.486
4 293.283
6 333.031
8 348.908
10 383.231
12 354.233
14 376.400
16 344.355
18 342.292
20 350.285
22 305.414
24 343.830
2 347.496
4 350.894
6 223.939
8 331.899
10 348.912
12 355.118
14 290.344
16 325.834
18 294.465
20 345.376
22 359.719
24 386.609
2 338.548
4 370.852
6 348.470
8 354.724
10 344.533
12 356.707
14 353.708
16 350.077
18 355.385
20 349.045
22 352.434
24 353.397
2 347.208
4 351.369
6 351.750
8 341.771
10 353.175
12 355.815
14 319.380
16 342.636
18 346.969
20 347.774
22 355.622
24 350.295
