2 285.782
4 419.850
6 991.987
8 1158.918
10 1226.579
12 1393.891
14 1844.956
16 1796.901
18 1983.133
20 2161.051
22 2310.301
24 2722.027
2 255.297
4 784.607
6 850.457
8 1116.054
10 1112.129
12 1449.181
14 1646.149
16 1757.887
18 1986.186
20 2335.970
22 2503.212
24 2711.079
2 248.681
4 539.099
6 931.453
8 1111.616
10 1095.527
12 1375.308
14 1510.481
16 1824.866
18 1914.972
20 2241.852
22 2240.765
24 2822.799
2 277.828
4 726.750
6 769.554
8 1083.630
10 1101.373
12 1263.409
14 1608.995
16 1701.597
18 1993.534
20 2367.843
22 2295.810
24 2638.749
2 287.148
4 721.018
6 916.909
8 1128.594
10 1173.052
12 1324.737
14 1759.231
16 1988.389
18 2113.142
20 2044.628
22 2589.422
24 2656.018
2 289.929
4 689.819
6 908.667
8 1062.128
10 1261.654
12 1210.226
14 1594.409
16 1962.775
18 2077.071
20 2219.788
22 2390.173
24 2465.233
2 278.760
4 384.522
6 700.510
8 1097.939
10 1316.236
12 1344.322
14 1599.378
16 1819.709
18 1828.810
20 2120.950
22 2341.068
24 2554.290
2 414.353
4 602.089
6 914.518
8 1096.888
10 1183.144
12 1479.993
14 1877.611
16 1874.666
18 2203.365
20 2049.657
22 2555.301
24 2614.063
2 379.869
4 642.035
6 937.890
8 1153.340
10 1403.281
12 1545.417
14 1743.168
16 1986.024
18 2356.115
20 2088.787
22 2473.253
24 2952.374
2 388.954
4 400.143
6 781.795
8 1136.633
10 1212.985
12 1798.187
14 1908.297
16 1745.733
18 2032.289
20 2234.492
22 2946.919
24 2745.807
