2 195.646
4 609.114
6 872.250
8 1171.032
10 1385.235
12 1414.066
14 1942.153
16 1746.330
18 2097.980
20 2175.811
22 2465.923
24 2515.061
2 316.573
4 616.084
6 766.550
8 1132.051
10 1413.843
12 1454.358
14 1685.603
16 1924.053
18 1892.036
20 2316.230
22 2645.276
24 2801.550
2 235.390
4 533.019
6 880.577
8 1028.757
10 1085.516
12 1348.542
14 1572.228
16 1695.629
18 2266.238
20 2086.512
22 2443.186
24 2658.055
2 277.049
4 557.046
6 789.050
8 958.655
10 1165.370
12 1348.081
14 1477.868
16 1757.245
18 1801.811
20 2323.652
22 2362.338
24 2416.420
2 297.165
4 545.353
6 624.031
8 986.781
10 1151.375
12 1538.113
14 1918.725
16 1737.771
18 1864.537
20 2378.423
22 2273.717
24 2511.680
2 309.575
4 808.854
6 941.908
8 1082.585
10 1147.619
12 1497.048
14 1301.827
16 1717.463
18 1898.844
20 2095.276
22 2135.031
24 2626.125
2 288.283
4 377.963
6 700.965
8 955.919
10 1457.665
12 1464.650
14 1587.548
16 1854.342
18 2113.430
20 2233.638
22 2187.310
24 2495.705
2 289.648
4 782.924
6 896.719
8 1036.123
10 1048.794
12 1237.134
14 1515.936
16 1914.919
18 1860.432
20 2237.739
22 2012.671
24 2466.722
2 206.006
4 563.864
6 1007.148
8 925.688
10 1324.627
12 1476.833
14 1347.177
16 1791.141
18 2010.457
20 1843.985
22 2184.788
24 2312.235
2 195.241
4 559.192
6 948.251
8 1068.649
10 1157.655
12 1561.898
14 1682.292
16 1701.483
18 1837.405
20 1981.013
22 2546.068
24 2815.506
