2 346.944
4 354.328
6 418.288
8 479.383
10 476.054
12 464.213
14 353.506
16 362.853
18 472.504
20 469.660
22 476.403
24 381.534
2 353.539
4 467.749
6 469.995
8 414.309
10 480.177
12 480.138
14 475.569
16 353.614
18 472.504
20 475.958
22 332.345
24 476.135
2 464.460
4 419.355
6 357.381
8 358.186
10 464.355
12 410.016
14 457.541
16 462.133
18 455.093
20 365.953
22 346.330
24 415.984
2 455.972
4 411.841
6 473.530
8 464.555
10 461.271
12 443.177
14 358.042
16 458.091
18 276.329
20 460.104
22 419.992
24 477.828
2 486.206
4 352.270
6 484.599
8 504.855
10 447.819
12 482.456
14 420.265
16 381.730
18 365.327
20 474.476
22 479.820
24 357.534
2 349.799
4 347.909
6 373.440
8 376.307
10 482.454
12 467.295
14 398.853
16 401.540
18 377.758
20 308.130
22 444.767
24 489.839
2 494.666
4 463.999
6 474.735
8 497.924
10 476.551
12 447.275
14 471.402
16 471.849
18 504.559
20 494.796
22 481.724
24 494.791
2 454.996
4 355.622
6 418.923
8 423.906
10 389.873
12 367.323
14 467.735
16 467.747
18 418.200
20 485.302
22 472.262
24 442.909
2 420.652
4 388.669
6 481.305
8 491.589
10 484.580
12 474.756
14 478.482
16 375.867
18 437.189
20 473.237
22 366.045
24 397.946
2 396.476
4 484.762
6 491.198
8 400.658
10 356.866
12 359.130
14 361.231
16 419.699
18 355.388
20 355.228
22 467.930
24 456.999
