2 3722.124
4 6470.012
6 9121.345
8 12339.854
10 15207.590
12 26160.763
14 26881.796
16 33594.242
18 32978.249
20 45709.098
22 57955.709
24 43458.749
2 3330.309
4 5884.035
6 8020.375
8 14462.131
10 14531.121
12 18417.277
14 27854.429
16 27441.842
18 30889.693
20 32621.759
22 43064.550
24 43721.168
2 2665.568
4 5441.526
6 9186.012
8 10233.630
10 14398.777
12 20396.568
14 24537.796
16 42608.533
18 34309.357
20 61576.636
22 55522.574
24 73721.756
2 2369.992
4 8561.544
6 9477.214
8 14413.085
10 18661.684
12 29486.490
14 20818.803
16 27957.308
18 33842.527
20 54152.613
22 49933.943
24 70487.080
2 1978.933
4 7632.671
6 7685.019
8 13278.772
10 23172.246
12 23105.091
14 27984.416
16 39980.767
18 44504.200
20 71082.461
22 60349.498
24 79756.121
2 3948.358
4 6287.378
6 5892.202
8 13650.868
10 24312.984
12 33238.517
14 43132.192
16 42353.296
18 52819.826
20 60068.914
22 76175.572
24 86505.111
2 3554.497
4 4686.892
6 6008.348
8 12460.072
10 18001.095
12 18294.442
14 21304.439
16 24336.384
18 28563.159
20 42099.323
22 36673.985
24 42277.849
2 3977.226
4 4142.543
6 6179.631
8 17322.886
10 24721.498
12 17096.936
14 24905.823
16 30309.045
18 41172.037
20 34988.764
22 37356.998
24 39903.363
2 2117.726
4 4022.722
6 7849.771
8 7452.460
10 12586.122
12 18220.015
14 35851.360
16 27378.697
18 42785.168
20 68165.781
22 69546.902
24 82040.952
2 2865.023
4 7679.363
6 11167.540
8 13599.904
10 14416.848
12 27562.679
14 42359.112
16 39711.925
18 39505.806
20 45587.735
22 57327.779
24 41011.077
