2 1189.301
4 1192.912
6 1193.503
8 1193.188
10 1194.581
12 1198.750
14 1195.442
16 1205.865
18 1214.758
20 1205.200
22 1191.583
24 1197.923
2 1191.531
4 1196.676
6 1196.061
8 1194.063
10 1191.604
12 1192.362
14 1195.359
16 1191.757
18 1191.429
20 1195.182
22 1213.521
24 1195.736
2 1192.667
4 1192.754
6 1193.331
8 1190.475
10 1205.497
12 1193.459
14 1190.801
16 1195.413
18 1191.490
20 1197.837
22 1211.724
24 1213.426
2 1213.593
4 1198.994
6 1199.252
8 1211.643
10 1198.941
12 1192.794
14 1189.325
16 1190.270
18 1192.691
20 1194.473
22 1191.194
24 1200.017
2 1214.973
4 1198.395
6 1189.269
8 1197.947
10 1189.333
12 1192.870
14 1195.457
16 1208.499
18 1196.307
20 1189.759
22 1209.046
24 1210.361
2 1206.092
4 1193.327
6 1194.523
8 1194.268
10 1206.704
12 1191.644
14 1199.041
16 1192.055
18 1208.628
20 1200.504
22 1201.048
24 1197.912
2 1196.242
4 1190.219
6 1193.431
8 1191.457
10 1197.085
12 1193.021
14 1195.606
16 1191.851
18 1190.330
20 1193.463
22 1193.929
24 1191.953
2 1189.156
4 1204.696
6 1189.420
8 1189.421
10 1193.657
12 1193.564
14 1191.012
16 1196.566
18 1189.985
20 1189.997
22 1189.508
24 1194.299
2 1193.621
4 1190.808
6 1196.791
8 1194.124
10 1190.956
12 1193.961
14 1191.378
16 1190.120
18 1192.018
20 1192.554
22 1190.837
24 1189.858
2 1192.740
4 1189.172
6 1188.995
8 1190.658
10 1189.592
12 1189.458
14 1190.616
16 1194.177
18 1191.523
20 1189.231
22 1192.991
24 1189.841
