2 23.188
4 22.874
6 22.870
8 23.119
10 23.061
12 22.854
14 23.407
16 22.945
18 23.087
20 23.125
22 23.051
24 22.901
2 23.167
4 22.899
6 22.990
8 22.804
10 23.103
12 24.776
14 22.850
16 23.893
18 22.901
20 22.960
22 22.861
24 23.059
2 23.177
4 22.967
6 22.864
8 22.922
10 23.148
12 22.989
14 23.680
16 23.032
18 23.009
20 23.173
22 22.823
24 22.964
2 22.748
4 22.982
6 23.021
8 23.172
10 22.849
12 22.985
14 24.206
16 22.955
18 22.841
20 23.130
22 23.126
24 22.866
2 23.012
4 22.903
6 23.063
8 23.133
10 22.974
12 22.920
14 22.942
16 23.295
18 23.082
20 23.110
22 22.836
24 22.845
2 23.008
4 23.118
6 22.992
8 23.153
10 22.732
12 22.823
14 23.074
16 22.925
18 23.165
20 22.956
22 22.892
24 25.251
2 22.898
4 22.912
6 23.038
8 22.927
10 23.334
12 23.225
14 22.972
16 23.136
18 22.883
20 23.360
22 23.098
24 22.950
2 23.596
4 23.233
6 22.954
8 22.935
10 23.192
12 23.335
14 23.045
16 23.095
18 23.391
20 23.279
22 23.011
24 23.012
2 22.944
4 23.128
6 22.979
8 23.055
10 23.152
12 22.898
14 23.486
16 22.904
18 23.067
20 22.768
22 23.387
24 23.152
2 22.903
4 22.972
6 23.072
8 23.177
10 23.072
12 22.994
14 22.905
16 22.871
18 22.672
20 22.977
22 22.969
24 22.999
