2 23.314
4 22.976
6 22.866
8 22.898
10 22.946
12 23.090
14 22.780
16 22.788
18 23.171
20 22.778
22 22.931
24 23.114
2 22.825
4 23.104
6 23.161
8 23.252
10 23.158
12 22.835
14 23.059
16 22.757
18 23.158
20 23.090
22 23.028
24 22.986
2 22.813
4 22.734
6 23.103
8 23.337
10 23.070
12 23.068
14 22.793
16 23.004
18 23.274
20 22.855
22 23.003
24 23.028
2 23.011
4 22.927
6 22.963
8 23.020
10 22.831
12 22.830
14 22.706
16 23.080
18 22.874
20 22.921
22 22.925
24 22.795
2 22.789
4 22.687
6 22.921
8 22.932
10 23.018
12 23.010
14 22.841
16 22.845
18 23.255
20 23.295
22 23.327
24 23.186
2 23.349
4 22.927
6 22.944
8 22.930
10 22.861
12 22.913
14 23.272
16 23.081
18 22.793
20 23.191
22 23.038
24 23.076
2 22.958
4 22.934
6 23.046
8 22.804
10 23.053
12 22.988
14 22.936
16 23.061
18 22.920
20 22.926
22 23.161
24 22.878
2 22.815
4 22.829
6 22.781
8 23.020
10 22.932
12 23.060
14 23.298
16 23.067
18 23.096
20 23.447
22 23.233
24 23.025
2 23.342
4 23.045
6 23.135
8 22.943
10 23.018
12 22.770
14 22.843
16 22.868
18 29.411
20 22.785
22 23.102
24 23.003
2 22.867
4 22.844
6 22.998
8 23.118
10 22.809
12 22.826
14 23.506
16 22.933
18 23.142
20 23.067
22 23.115
24 23.382
