2 1189.752
4 1192.979
6 1191.794
8 1189.138
10 1190.009
12 1190.598
14 1190.491
16 1192.421
18 1222.226
20 1193.990
22 1200.856
24 1193.684
2 1192.969
4 1200.678
6 1190.602
8 1217.180
10 1189.712
12 1189.821
14 1192.820
16 1191.162
18 1189.221
20 1194.078
22 1192.168
24 1193.064
2 1190.593
4 1192.978
6 1189.666
8 1189.311
10 1195.840
12 1190.859
14 1192.369
16 1192.564
18 1190.058
20 1191.245
22 1189.433
24 1192.848
2 1193.993
4 1191.864
6 1196.567
8 1193.924
10 1192.231
12 1189.327
14 1193.946
16 1190.050
18 1191.931
20 1211.059
22 1192.251
24 1190.391
2 1190.250
4 1193.372
6 1193.717
8 1191.458
10 1215.083
12 1192.070
14 1192.393
16 1194.508
18 1192.070
20 1192.508
22 1192.169
24 1190.607
2 1190.102
4 1189.075
6 1195.139
8 1192.209
10 1189.639
12 1194.844
14 1190.283
16 1190.222
18 1190.117
20 1192.788
22 1189.722
24 1209.489
2 1206.481
4 1223.730
6 1191.967
8 1196.141
10 1192.471
12 1208.692
14 1195.496
16 1193.122
18 1221.523
20 1195.429
22 1192.320
24 1191.466
2 1195.301
4 1201.048
6 1206.915
8 1193.117
10 1191.510
12 1194.830
14 1215.253
16 1212.721
18 1197.768
20 1215.516
22 1191.058
24 1215.001
2 1192.072
4 1200.246
6 1196.045
8 1194.370
10 1191.513
12 1191.800
14 1199.957
16 1193.571
18 1193.831
20 1195.577
22 1190.259
24 1189.541
2 1190.260
4 1192.556
6 1189.259
8 1190.489
10 1234.756
12 1189.583
14 1189.290
16 1200.798
18 1191.491
20 1191.575
22 1189.791
24 1190.418
