2 233.580
4 196.033
6 209.243
8 205.491
10 196.524
12 188.075
14 174.798
16 157.823
18 151.743
20 158.203
22 140.896
24 138.335
2 249.293
4 193.553
6 200.621
8 192.467
10 195.169
12 185.242
14 178.432
16 175.079
18 157.057
20 144.604
22 145.575
24 160.763
2 249.604
4 209.733
6 205.586
8 197.104
10 198.221
12 187.491
14 182.385
16 169.558
18 160.226
20 164.245
22 143.023
24 206.005
2 248.133
4 203.207
6 203.474
8 201.212
10 193.141
12 195.599
14 171.670
16 163.374
18 160.481
20 149.741
22 142.837
24 143.928
2 230.521
4 213.072
6 201.563
8 186.744
10 202.159
12 161.887
14 164.712
16 162.867
18 151.182
20 143.601
22 155.173
24 138.368
2 256.801
4 207.640
6 216.041
8 202.627
10 197.717
12 190.606
14 173.097
16 158.771
18 153.281
20 146.295
22 153.670
24 179.586
2 242.006
4 218.248
6 207.341
8 207.599
10 193.645
12 200.478
14 182.471
16 169.741
18 156.037
20 147.751
22 148.222
24 147.604
2 232.781
4 217.468
6 203.476
8 194.243
10 193.951
12 166.309
14 149.585
16 159.287
18 160.628
20 161.998
22 159.619
24 141.600
2 253.453
4 219.323
6 203.495
8 208.985
10 202.807
12 201.918
14 179.070
16 145.079
18 159.698
20 155.275
22 147.442
24 335.814
2 254.314
4 220.717
6 202.389
8 201.754
10 206.149
12 186.093
14 174.504
16 163.808
18 154.383
20 153.476
22 155.680
24 141.331
