2 242.979
4 241.886
6 243.553
8 241.910
10 244.920
12 242.218
14 243.650
16 242.139
18 242.678
20 242.140
22 242.693
24 241.945
2 242.934
4 241.942
6 242.106
8 245.532
10 242.430
12 241.905
14 242.286
16 242.365
18 242.690
20 241.930
22 242.092
24 242.585
2 242.823
4 242.445
6 241.925
8 242.924
10 242.470
12 241.741
14 242.537
16 242.534
18 241.971
20 241.971
22 242.412
24 243.473
2 241.903
4 241.940
6 242.773
8 242.441
10 242.010
12 243.082
14 243.610
16 246.791
18 241.963
20 242.393
22 242.053
24 242.181
2 242.532
4 242.384
6 242.656
8 241.972
10 242.641
12 241.991
14 241.957
16 242.378
18 243.407
20 243.760
22 242.015
24 242.291
2 241.978
4 242.073
6 242.588
8 241.976
10 242.451
12 242.507
14 241.999
16 242.611
18 242.452
20 243.589
22 243.398
24 242.791
2 245.175
4 242.115
6 243.649
8 243.389
10 243.222
12 244.943
14 244.394
16 242.247
18 244.560
20 246.594
22 245.852
24 242.423
2 243.159
4 262.684
6 242.083
8 258.373
10 243.608
12 241.997
14 246.154
16 243.676
18 242.173
20 243.070
22 243.441
24 242.169
2 242.045
4 243.231
6 242.397
8 242.275
10 242.429
12 242.137
14 242.120
16 242.479
18 242.433
20 243.376
22 243.056
24 243.246
2 242.448
4 242.668
6 245.136
8 243.602
10 241.961
12 242.550
14 243.515
16 242.150
18 242.420
20 243.255
22 242.183
24 244.981
