2 257.140
4 218.160
6 219.673
8 209.925
10 214.176
12 215.929
14 212.656
16 197.634
18 212.485
20 216.370
22 209.770
24 234.247
2 249.594
4 216.342
6 223.129
8 220.129
10 222.719
12 222.379
14 226.616
16 195.013
18 207.091
20 207.953
22 207.124
24 225.944
2 255.128
4 238.964
6 208.180
8 195.170
10 218.182
12 214.447
14 215.958
16 202.168
18 192.625
20 202.931
22 208.757
24 220.141
2 253.405
4 215.570
6 226.858
8 204.503
10 206.356
12 207.579
14 208.983
16 208.847
18 203.209
20 199.642
22 209.308
24 219.003
2 249.061
4 217.443
6 219.562
8 214.385
10 203.607
12 231.255
14 214.927
16 205.989
18 205.118
20 209.527
22 221.387
24 224.919
2 258.024
4 219.210
6 214.832
8 212.482
10 196.178
12 220.766
14 200.233
16 211.852
18 205.800
20 195.830
22 204.315
24 222.098
2 267.592
4 234.686
6 213.589
8 208.884
10 204.509
12 202.870
14 217.147
16 207.150
18 202.231
20 199.784
22 216.358
24 217.461
2 249.300
4 226.062
6 226.581
8 211.923
10 219.615
12 216.942
14 222.316
16 207.237
18 216.578
20 199.398
22 203.695
24 374.109
2 254.202
4 226.969
6 234.182
8 212.084
10 207.540
12 218.449
14 209.964
16 209.028
18 206.581
20 199.901
22 205.256
24 220.927
2 250.816
4 218.771
6 215.778
8 213.129
10 216.540
12 216.973
14 195.830
16 202.060
18 208.532
20 205.135
22 223.866
24 213.788
