2 262.624
4 228.439
6 214.486
8 197.758
10 190.739
12 199.885
14 172.749
16 164.927
18 148.534
20 147.632
22 138.429
24 140.985
2 246.366
4 208.168
6 212.153
8 206.280
10 190.727
12 192.974
14 186.165
16 161.608
18 158.900
20 142.910
22 148.036
24 164.469
2 235.188
4 208.234
6 209.196
8 196.158
10 186.532
12 187.870
14 179.968
16 157.589
18 160.404
20 147.931
22 141.824
24 138.855
2 252.259
4 224.999
6 215.569
8 198.761
10 202.167
12 189.809
14 178.419
16 169.286
18 148.022
20 144.776
22 150.253
24 155.586
2 187.871
4 198.367
6 215.192
8 205.195
10 193.853
12 187.382
14 180.725
16 171.852
18 159.144
20 138.437
22 145.102
24 329.929
2 233.871
4 206.138
6 204.201
8 197.683
10 200.698
12 194.475
14 189.784
16 164.147
18 157.210
20 145.939
22 154.620
24 154.418
2 237.973
4 213.817
6 215.401
8 185.131
10 175.484
12 190.229
14 182.985
16 144.905
18 156.529
20 155.887
22 139.195
24 154.319
2 177.112
4 216.986
6 208.309
8 159.596
10 185.891
12 193.904
14 176.123
16 163.786
18 166.171
20 143.063
22 148.700
24 150.188
2 240.996
4 213.981
6 216.554
8 200.531
10 194.948
12 187.232
14 161.478
16 162.002
18 152.769
20 158.449
22 143.127
24 150.835
2 251.627
4 219.896
6 208.529
8 210.558
10 197.657
12 194.680
14 188.271
16 169.125
18 164.365
20 151.441
22 140.754
24 160.107
