2 264.406
4 262.182
6 261.842
8 263.355
10 238.667
12 238.483
14 238.364
16 239.189
18 239.904
20 238.669
22 254.889
24 241.854
2 238.568
4 240.105
6 240.222
8 239.451
10 239.396
12 239.373
14 238.541
16 238.615
18 239.128
20 274.289
22 239.781
24 238.669
2 238.764
4 238.280
6 238.250
8 238.410
10 239.716
12 238.886
14 238.322
16 239.126
18 239.447
20 238.863
22 238.923
24 238.978
2 238.755
4 239.512
6 238.411
8 239.610
10 241.822
12 238.776
14 238.682
16 238.692
18 238.745
20 240.153
22 238.564
24 238.583
2 238.484
4 242.116
6 239.001
8 238.414
10 238.544
12 238.480
14 239.626
16 239.517
18 238.283
20 238.237
22 238.924
24 241.138
2 238.690
4 238.421
6 239.448
8 238.342
10 239.038
12 238.489
14 239.266
16 239.254
18 238.371
20 238.744
22 238.958
24 240.572
2 238.538
4 240.500
6 239.863
8 238.653
10 238.201
12 238.766
14 242.490
16 240.273
18 239.079
20 238.760
22 238.931
24 239.870
2 238.794
4 238.289
6 260.809
8 245.962
10 238.513
12 238.706
14 239.635
16 238.721
18 238.949
20 238.602
22 238.623
24 238.648
2 238.231
4 239.042
6 238.718
8 239.361
10 239.496
12 238.293
14 238.804
16 238.657
18 238.502
20 238.272
22 238.281
24 238.432
2 238.149
4 238.906
6 238.673
8 238.582
10 238.632
12 238.973
14 239.013
16 238.474
18 241.599
20 239.443
22 238.901
24 248.570
