2 251.941
4 237.522
6 229.887
8 209.116
10 206.949
12 206.728
14 219.869
16 214.327
18 205.333
20 207.488
22 207.778
24 219.413
2 246.361
4 232.910
6 228.950
8 215.591
10 211.578
12 213.924
14 225.701
16 203.991
18 214.526
20 200.746
22 205.324
24 218.158
2 270.714
4 227.130
6 232.926
8 205.540
10 211.263
12 208.309
14 205.883
16 193.459
18 225.288
20 206.123
22 210.938
24 231.407
2 260.067
4 221.362
6 225.627
8 221.811
10 213.768
12 211.996
14 220.586
16 210.119
18 205.189
20 202.602
22 207.577
24 228.445
2 244.001
4 235.433
6 226.922
8 215.568
10 210.633
12 222.835
14 221.364
16 215.090
18 216.062
20 213.401
22 208.787
24 286.293
2 250.549
4 232.946
6 208.677
8 194.401
10 211.143
12 213.650
14 203.562
16 204.627
18 215.978
20 200.948
22 207.292
24 206.117
2 248.276
4 218.562
6 218.549
8 221.413
10 194.321
12 203.631
14 223.402
16 203.993
18 207.032
20 207.803
22 205.807
24 226.407
2 257.673
4 239.062
6 219.363
8 213.251
10 216.889
12 211.041
14 225.905
16 205.237
18 205.125
20 202.112
22 206.932
24 207.803
2 254.429
4 257.427
6 222.997
8 200.119
10 220.323
12 215.070
14 208.606
16 222.691
18 208.716
20 209.832
22 210.913
24 225.614
2 267.888
4 214.475
6 204.057
8 201.096
10 200.746
12 206.220
14 220.407
16 206.609
18 217.009
20 206.124
22 207.322
24 211.121
